8280
8746
9230
9713
10180
10746
11246
11713
12180
12680
13146
13580
14063
14580
15096
15546
16063
16546
17046
17496
17980
18496
18963
19430
19913
20380
20846
21296
21763
22263
22780
23230
23730
24180
24663
25130
25580
26080
26546
27030
27496
27963
28430
28863
29813
30380
30830
31346
31813
32330
32763
33230
33713
34213
34696
35163
35680
36146
36646
37113
37596
38080
38546
39063
39546
40013
40480
40946
41446
41930
42396
42863
43396
43896
44363
44846
45330
45813
46280
46813
47046
47330
47580
47863
48130
48380
48596
48863
49130
49396
49646
49930
50246
50513
50780
51396
51663
51930
52296
52596
52863
53380
53863
54330
54830
55330
55596
55830
56146
56463
56730
57130
57480
57746
58246
58730
59430
59680
60063
60363
60680
61613
62613
63380
63663
64013
64330
64613
64946
65330
65613
66080
66613
67063
67546
68013
68496
69013
69513
70030
70546
71363
71696
72096
72413
72680
73613
74580
75446
75746
76130
76446
76730
77713
78730
79246
79746
80246
80746
81246
81730
82196
82680
83196
83696
84146
84630
85146
85646
86096
86596
87113
87580
88046
88546
89080
89546
90013
90496
91030
91513
91963
92430
92913
93380
93863
94346
94863
95363
95830
96330
96830
97296
97780
98246
98746
99246
99730
100180
100680
101180
101613
102146
102530
103113
103580
104113
104613
105080
105563
106046
106546
106980
107480
107963
108463
108930
109413
109896
110380
110880
111330
111813
112296
112763
113246
113713
114196
114680
115130
115613
116113
116630
117096
117613
117880
118146
118413
118663
118930
119213
119496
119796
120080
120330
120613
120880
121163
121463
122063
122363
122663
123030
123346
123630
124130
124563
125030
125513
126013
126287
126563
126896
127180
127463
127796
128180
128496
128996
129480
130213
130513
130846
131163
131446
132396
133380
134113
134413
134746
135080
135363
135730
136130
136396
136913
137346
137863
138130
138396
138730
139046
139313
140263
141180
141913
142213
142563
142880
143163
143530
143846
144180
145146
145880
146180
146513
146846
147130
148046
148963
149746
150030
150380
150680
150963
151330
151680
152030
152513
153013
153480
153996
154496
154946
155413
155963
156496
157013
157830
158230
158646
158930
159246
160230
161163
161980
162280
162630
162963
163263
164246
165230
165730
166230
166713
167196
167746
168230
168696
169197
169696
170180
170630
171113
171597
172097
172547
173030
173547
173997
174480
174963
175447
175947
176397
176897
177380
177897
178347
178830
179330
179830
180297
180797
181297
181797
182263
182763
183263
183747
184213
184697
185180
185663
186147
186597
187147
187630
188147
188613
189097
189597
190063
190580
191080
191563
192097
192563
193030
193480
193963
194397
194897
195397
195863
196363
196847
197330
197797
198263
198763
199213
199697
200180
200680
201163
201630
202130
202630
203097
203580
204113
204530
205013
205263
205563
205830
206113
206413
206663
206913
207163
207413
207713
208047
208580
208830
209113
209480
209797
210097
210563
211030
211513
211963
212480
212730
212980
213297
213630
213913
214247
214597
214880
215380
215897
216580
216830
217197
217547
217863
218413
218847
219313
219780
220447
220730
221080
221413
221713
222063
222430
222763
223230
223730
